20130506154904
20130506154904
20130506154904
20130506154904
20130514181517
20130514181517
20130514181517
20130514181517
20130521223249
20130521223249
20130521223249
20130521223249
20130528181031
20130528181031
20130528181031
20130528181031
20130605070403
20130605070403
20130605070403
20130605070403
20130612084701
20130612084701
20130612084701
20130612084701
20130617145905
20130617145905
20130617145905
20130617145905
20130625125232
20130625125232
20130625125232
20130625125232
20130701144430
20130701144430
20130701144430
20130701144430
20130703181823
20130703181823
20130703181823
20130703181823
20130708202947
20130708202947
20130708202947
20130708202947
20130711122148
20130711122148
20130711122148
20130711122148
20130711122148
20130711122148
20130711122148
20130711122148
20130715155216
20130715155216
20130715155216
20130715155216
20130718163513
20130718163513
20130718163513
20130718163513
20130722172257
20130722172257
20130722172257
20130722172257
20130725195523
20130725195523
20130725195523
20130725195523
20130729175331
20130729175331
20130729175331
20130729175331
20130806170643
20130806170643
20130806170643
20130806170643
20130806062702
20130806062702
20130806062702
20130806062702
20130812173056
20130812173056
20130812173056
20130812173056
20130815180504
20130815180504
20130815180504
20130815180504
20130819170952
20130819170952
20130819170952
20130819170952
20130822154523
20130822154523
20130822154523
20130822154523
20130826142034
20130826142034
20130826142034
20130826142034
20130829135643
20130829135643
20130829135643
20130829135643
20130902131354
20130902131354
20130902131354
20130902131354
20130905180733
20130905180733
20130905180733
20130905180733
20130909203154
20130909203154
20130909203154
20130909203154
20130917123208
20130917123208
20130917123208
20130917123208
20130923194050
20130923194050
20130923194050
20130923194050
20130926170421
20130926170421
20130926170421
20130926170421
20131001024718
20131001024718
20131001024718
20131001024718
20131007213254
20131007213254
20131007213254
20131007213254
20131010180222
20131010180222
20131010180222
20131010180222
20131015052812
20131015052812
20131015052812
20131015052812
20131017174213
20131017174213
20131017174213
20131017174213
20131021191948
20131021191948
20131021191948
20131021191948
20131022211721
20131022211721
20131022211721
20131022211721
20131025150754
20131025150754
20131025150754
20131025150754
20131028225529
20131028225529
20131028225529
20131028225529
20131104182142
20131104182142
20131104182142
20131104182142
20131107161719
20131107161719
20131107161719
20131107161719
20131111154639
20131111154639
20131111154639
20131111154639
20131114085019
20131114085019
20131114085019
20131114085019
20131118212339
20131118212339
20131118212339
20131118212339
20131122094025
20131122094025
20131122094025
20131122094025
